13
Afghani 1 0.26 9 29 1.65 23 52 1.39 19 200 10 18 12
Us_Dollar 0.26 1 1.32 20.50 115.50 1.61 3.64 97.45 1.32 1.41 0.73 12.33 8.66
Australian_Dollar 0.27 0.76 1 15.54 87.65 1.22 2.76 73.88 1 1.07 0.55 9.34 6.33
Argentine_Peso 0.43 0.049 0.064 1 5.64 0.079 0.18 4.75 0.065 0.069 0.035 0.6 0.42
Pakistan_Rupee 0.61 0.0087 0.011 0.18 1 0.014 0.032 0.84 0.011 0.012 0.0063 0.11 0.075 
Bulgarian_Lev 0.57 0.62 0.82 12.71 71.69 1 2.26 60.43 0.82 0.88 0.45 7.64 5.37 
qatari_riyal  0.2994 .2747 .3623 5.6399 31.7582 .443 1 26.7942 .3635 .3879 .1994 3.387 2.3826
serbian_dinar 0.7198 .0102 .0135 .2103 1.1845 .0165 .0373 1 .0135 .0144 .0074 .1263 .0889 
singapore_dollar 0.0845 .7556 .9967 15.5133 87.3536 1.2185 2.75 73.6975 1 1.0671 .5485 9.314 6.549
new_zealand_dollar 0.7463 .7081 .934 14.5377 81.8603 1.1419 2.5775 69.062 .9371 1 .514 8.7293 6.141
british_pound 0.7715 1.3775 1.8171 28.2802 159.243 2.2209 5.0143 134.328 1.823 1.9454 1 16.9818 11.9469
namibia_dollar 0.6972 0.0811 .1069 1.6649 9.3751 .1307 .2952 7.9111 0.1073 .1145 .0588 1 .7034  
swedish_krona 0.0998 0.1153 0.152 2.367 13.3287 .1859 .4197 11.2456 .1525 .1628 .0837 1.4215 1 
rohitpal.singh@jiit.ac.in